8 2.000000
16 0.200000
24 0.200000
32 0.280000
40 0.160000
48 0.240000
56 0.120000
64 0.120000
72 0.120000
80 0.120000
88 0.080000
96 0.080000
104 0.120000
112 0.080000
120 0.120000
128 0.080000
136 0.080000
144 0.080000
152 0.160000
160 0.120000
168 0.160000
176 0.080000
184 0.080000
192 0.080000
200 0.120000
208 0.120000
216 0.080000
224 0.040000
232 0.040000
240 0.080000
248 0.040000
256 0.240000
264 1.480000
272 0.160000
280 0.320000
288 0.120000
296 0.120000
304 0.080000
312 0.080000
320 0.080000
328 0.080000
336 0.040000
344 0.040000
352 0.120000
360 0.080000
368 0.080000
376 0.040000
384 0.040000
392 0.040000
400 0.040000
408 0.040000
416 0.080000
424 0.040000
432 0.000000
440 0.120000
448 0.080000
456 0.040000
464 0.040000
472 0.080000
480 0.120000
488 0.080000
496 0.160000
504 0.040000
512 0.080000
520 0.080000
528 0.080000
536 0.080000
544 0.120000
552 0.080000
560 0.080000
568 0.040000
576 0.080000
584 0.080000
592 0.080000
600 0.040000
608 0.040000
616 0.080000
624 0.080000
632 0.040000
640 0.040000
648 0.040000
656 0.080000
664 0.080000
672 0.080000
680 0.040000
688 0.080000
696 0.080000
704 0.040000
712 0.040000
720 0.080000
728 0.080000
736 0.080000
744 0.120000
752 0.080000
760 0.080000
768 0.040000
776 0.080000
784 0.120000
792 0.080000
800 0.040000
808 0.320000
816 0.200000
824 0.080000
832 0.120000
840 0.080000
848 0.080000
856 0.080000
864 0.160000
872 0.080000
880 0.120000
888 0.160000
896 0.120000
904 0.080000
912 0.040000
920 0.080000
928 0.120000
936 0.080000
944 0.080000
952 0.080000
960 0.080000
968 0.120000
976 0.080000
984 0.040000
992 0.120000
1000 0.080000
1008 0.080000
1016 0.080000
1024 0.040000
1032 0.120000
1040 0.040000
1048 0.160000
1056 0.080000
1064 0.120000
1072 0.080000
1080 0.200000
1088 0.080000
1096 0.080000
1104 0.040000
1112 0.080000
1120 0.040000
1128 0.040000
1136 0.040000
1144 0.040000
1152 0.080000
1160 0.120000
1168 0.040000
1176 0.080000
1184 0.040000
1192 0.040000
1200 0.040000
1208 0.080000
1216 0.080000
1224 0.040000
1232 0.040000
1240 0.040000
1248 0.080000
1256 0.080000
1264 0.080000
1272 0.080000
1280 0.040000
1288 0.080000
1296 0.040000
1304 0.080000
1312 0.040000
1320 0.080000
1328 0.080000
1336 0.040000
1344 0.040000
1352 0.080000
1360 0.040000
1368 0.080000
1376 0.080000
1384 0.080000
1392 0.000000
1400 0.040000
1408 0.080000
1416 0.040000
1424 0.040000
1432 0.040000
1440 0.040000
1448 0.040000
1456 0.040000
1464 0.080000
1472 0.040000
1480 0.080000
1488 0.000000
1496 0.080000
1504 0.080000
1512 0.040000
1520 0.040000
1528 0.040000
1536 0.040000
1544 0.080000
1552 0.040000
1560 0.080000
1568 0.080000
1576 0.080000
1584 0.000000
1592 0.040000
1600 0.080000
1608 0.040000
1616 0.040000
1624 0.080000
1632 0.080000
1640 0.080000
1648 0.040000
1656 0.040000
1664 0.040000
1672 0.080000
1680 0.080000
1688 0.040000
1696 0.080000
1704 0.040000
1712 0.080000
1720 0.120000
1728 0.120000
1736 0.160000
1744 0.040000
1752 0.080000
1760 0.040000
1768 0.040000
1776 0.760000
1784 0.080000
1792 0.040000
1800 0.080000
1808 0.160000
1816 0.120000
1824 0.040000
1832 0.000000
1840 0.080000
1848 0.080000
1856 0.040000
1864 0.120000
1872 0.040000
1880 0.040000
1888 0.080000
1896 0.120000
1904 0.040000
1912 0.080000
1920 0.120000
1928 0.040000
1936 0.040000
1944 0.080000
1952 0.080000
1960 0.040000
1968 0.040000
1976 0.080000
1984 0.080000
1992 0.040000
2000 0.040000
2008 0.040000
2016 0.040000
2024 0.040000
2032 0.040000
2040 0.080000
2048 0.040000
