8 17.720000
16 17.200000
24 16.480000
32 14.880000
40 13.840000
48 17.240000
56 16.600000
64 16.000000
72 14.600000
80 15.160000
88 15.840000
96 17.320000
104 14.640000
112 15.600000
120 14.240000
128 15.320000
136 16.440000
144 14.920000
152 15.920000
160 15.760000
168 19.920000
176 16.880000
184 17.240000
192 13.520000
200 16.960000
208 21.560000
216 16.240000
224 16.320000
232 22.440000
240 16.640000
248 20.320000
256 14.600000
264 16.040000
272 22.120000
280 16.320000
288 20.440000
296 17.000000
304 16.240000
312 16.880000
320 20.200000
328 17.160000
336 17.800000
344 18.480000
352 17.000000
360 16.120000
368 16.160000
376 14.200000
384 18.520000
392 14.760000
400 15.080000
408 15.520000
416 17.640000
424 15.960000
432 17.400000
440 17.840000
448 14.880000
456 16.600000
464 19.040000
472 33.960000
480 24.840000
488 20.720000
496 28.720000
504 17.640000
512 16.080000
520 15.560000
528 15.680000
536 30.000000
544 23.200000
552 18.560000
560 21.440000
568 26.080000
576 25.760000
584 22.520000
592 26.160000
600 20.640000
608 23.720000
616 25.280000
624 30.800000
632 27.280000
640 23.000000
648 21.080000
656 24.840000
664 28.720000
672 25.680000
680 26.160000
688 17.000000
696 17.920000
704 15.800000
712 20.520000
720 22.440000
728 29.880000
736 46.480000
744 46.720000
752 33.120000
760 30.640000
768 32.120000
776 24.120000
784 28.080000
792 22.600000
800 23.600000
808 22.640000
816 40.080000
824 33.240000
832 39.600000
840 28.960000
848 38.720000
856 25.480000
864 18.960000
872 20.680000
880 19.440000
888 19.320000
896 29.640000
904 25.080000
912 18.720000
920 20.560000
928 22.360000
936 18.720000
944 28.160000
952 18.000000
960 17.560000
968 15.720000
976 16.240000
984 16.160000
992 15.880000
1000 16.960000
1008 20.400000
1016 17.760000
1024 18.640000
1032 17.200000
1040 14.920000
1048 21.320000
1056 16.480000
1064 16.000000
1072 16.520000
1080 15.680000
1088 18.880000
1096 22.600000
1104 24.280000
1112 25.120000
1120 17.680000
1128 16.520000
1136 17.960000
1144 15.280000
1152 17.160000
1160 15.400000
1168 15.560000
1176 16.000000
1184 16.360000
1192 16.640000
1200 21.480000
1208 17.040000
1216 15.960000
1224 17.640000
1232 20.760000
1240 16.040000
1248 19.400000
1256 26.400000
1264 23.680000
1272 19.000000
1280 18.560000
1288 20.200000
1296 18.880000
1304 20.760000
1312 18.960000
1320 18.520000
1328 21.280000
1336 22.720000
1344 19.600000
1352 15.080000
1360 11.080000
1368 7.240000
1376 5.960000
1384 8.840000
1392 8.600000
1400 13.000000
1408 20.640000
1416 20.080000
1424 17.520000
1432 14.080000
1440 9.120000
1448 5.600000
1456 4.280000
1464 3.960000
1472 3.200000
1480 2.840000
1488 3.240000
1496 4.320000
1504 3.480000
1512 2.200000
1520 5.240000
1528 3.240000
1536 3.440000
1544 2.280000
1552 2.000000
1560 1.840000
1568 2.480000
1576 3.320000
1584 4.640000
1592 2.920000
1600 4.320000
1608 2.200000
1616 2.280000
1624 2.840000
1632 2.160000
1640 1.560000
1648 0.600000
1656 1.120000
1664 5.520000
1672 7.560000
1680 6.040000
1688 7.200000
1696 6.120000
1704 5.120000
1712 5.800000
1720 4.920000
1728 3.760000
1736 3.120000
1744 7.040000
1752 1.960000
1760 3.600000
1768 5.040000
1776 7.080000
1784 1.720000
1792 2.800000
1800 4.760000
1808 0.600000
1816 2.040000
1824 1.080000
1832 0.880000
1840 1.560000
1848 1.280000
1856 1.040000
1864 1.920000
1872 1.480000
1880 2.480000
1888 1.680000
1896 1.880000
1904 1.640000
1912 0.000000
1920 1.240000
1928 2.080000
1936 0.000000
1944 0.880000
1952 0.920000
1960 1.240000
1968 0.000000
1976 0.880000
1984 0.000000
1992 1.120000
2000 2.360000
2008 0.000000
2016 1.440000
2024 2.120000
2032 0.000000
2040 1.720000
2048 0.280000
